0 0.827930 0.701389 0.001953 0.002778 0.826953 0.700000 0.827344 0.700000 0.827734 0.700694 0.827734 0.701389 0.828125 0.701389 0.828906 0.702778 0.827344 0.700000
0 0.826367 0.698264 0.000391 0.000694 0.826172 0.697917 0.826172 0.698611 0.826562 0.698611
0 0.825586 0.696181 0.000391 0.000694 0.825391 0.695833 0.825391 0.696528 0.825781 0.696528
0 0.824023 0.692708 0.000391 0.000694 0.823828 0.692361 0.823828 0.693056 0.824219 0.693056
0 0.823047 0.690625 0.000781 0.000694 0.822656 0.690278 0.823047 0.690972 0.823438 0.690972 0.823047 0.690278
0 0.821875 0.687847 0.000781 0.002083 0.821484 0.686806 0.821484 0.687500 0.822266 0.688889 0.821875 0.688194 0.821875 0.687500
0 0.820508 0.685069 0.000391 0.000694 0.820312 0.684722 0.820703 0.685417 0.820703 0.684722
0 0.817969 0.679514 0.000781 0.000694 0.817578 0.679167 0.817969 0.679167 0.818359 0.679861 0.818359 0.679167
0 0.815234 0.672222 0.001563 0.005556 0.814453 0.669444 0.814453 0.670139 0.814844 0.670833 0.814844 0.671528 0.815234 0.672222 0.815234 0.673611 0.815625 0.673611 0.816016 0.674306 0.816016 0.675000 0.816016 0.674306 0.815234 0.672917 0.815234 0.672222 0.814844 0.671528 0.814844 0.670833 0.814453 0.670139
0 0.838086 0.671875 0.055078 0.064583 0.828516 0.639583 0.827734 0.640972 0.827344 0.640972 0.826953 0.640278 0.826562 0.640972 0.825781 0.640972 0.825391 0.641667 0.825000 0.641667 0.824609 0.640972 0.824219 0.641667 0.823438 0.641667 0.823047 0.642361 0.821484 0.642361 0.821094 0.643056 0.819531 0.643056 0.819141 0.643750 0.817578 0.643750 0.817187 0.644444 0.816406 0.644444 0.816016 0.645139 0.815625 0.644444 0.815234 0.644444 0.814453 0.645833 0.814063 0.645139 0.813672 0.645833 0.813281 0.645833 0.812891 0.645139 0.812109 0.646528 0.811328 0.646528 0.811328 0.647917 0.810937 0.648611 0.810937 0.649306 0.810547 0.650000 0.810547 0.650694 0.810937 0.651389 0.810937 0.653472 0.811328 0.654167 0.811328 0.655556 0.811719 0.656250 0.811719 0.656944 0.812109 0.657639 0.812109 0.658333 0.812500 0.659028 0.812500 0.659722 0.812891 0.660417 0.812891 0.661806 0.813281 0.662500 0.813281 0.664583 0.814063 0.665972 0.814063 0.667361 0.814844 0.668750 0.814844 0.670139 0.815234 0.670833 0.815234 0.671528 0.815625 0.672222 0.815625 0.672917 0.816406 0.674306 0.816406 0.675000 0.816797 0.675000 0.817187 0.675694 0.817187 0.677083 0.817578 0.677083 0.817969 0.677778 0.817969 0.678472 0.818359 0.678472 0.818750 0.679167 0.818750 0.680556 0.819141 0.680556 0.819531 0.681250 0.819531 0.682639 0.819922 0.682639 0.820312 0.683333 0.820312 0.684028 0.820703 0.684028 0.821094 0.684722 0.821094 0.686111 0.821484 0.686111 0.822266 0.687500 0.822266 0.688194 0.823828 0.690972 0.823828 0.691667 0.824609 0.693056 0.824609 0.693750 0.826172 0.696528 0.826172 0.697222 0.826953 0.698611 0.826953 0.699306 0.827344 0.699306 0.829688 0.703472 0.830469 0.703472 0.830859 0.704167 0.831250 0.703472 0.831641 0.703472 0.832031 0.704167 0.832422 0.703472 0.832812 0.703472 0.833203 0.704167 0.833594 0.703472 0.833984 0.703472 0.834375 0.702778 0.834766 0.703472 0.835156 0.702778 0.835547 0.702778 0.835938 0.703472 0.836719 0.702083 0.837109 0.702778 0.837500 0.702083 0.838672 0.702083 0.839453 0.700694 0.839844 0.701389 0.840234 0.700694 0.841016 0.700694 0.841406 0.700000 0.841797 0.700000 0.842187 0.700694 0.842969 0.699306 0.844141 0.699306 0.844531 0.698611 0.844922 0.699306 0.845703 0.697917 0.846094 0.698611 0.846484 0.698611 0.847266 0.697222 0.847656 0.697917 0.848047 0.697222 0.849219 0.697222 0.849609 0.696528 0.850391 0.696528 0.850781 0.695833 0.851562 0.695833 0.851953 0.695139 0.852344 0.695139 0.852734 0.695833 0.853516 0.694444 0.854688 0.694444 0.855078 0.693750 0.855469 0.694444 0.856250 0.693056 0.856641 0.693750 0.857031 0.693750 0.857812 0.692361 0.858203 0.693056 0.858594 0.692361 0.859766 0.692361 0.860156 0.691667 0.860938 0.691667 0.861328 0.690972 0.862109 0.690972 0.862500 0.690278 0.862891 0.690278 0.863281 0.690972 0.864062 0.689583 0.864453 0.690278 0.864844 0.689583 0.865234 0.689583 0.865234 0.688194 0.865625 0.687500 0.864844 0.686111 0.865234 0.685417 0.864844 0.684722 0.864453 0.684722 0.864062 0.684028 0.864453 0.683333 0.863672 0.681944 0.863672 0.681250 0.862891 0.679861 0.862891 0.679167 0.862109 0.677778 0.862109 0.677083 0.861328 0.675694 0.861328 0.675000 0.860156 0.672917 0.860547 0.672222 0.860156 0.672222 0.859375 0.670833 0.859766 0.670139 0.858984 0.668750 0.858984 0.668056 0.858203 0.666667 0.858203 0.665972 0.857422 0.664583 0.857422 0.663889 0.857031 0.663194 0.857031 0.662500 0.855859 0.660417 0.855859 0.659028 0.855469 0.659028 0.855078 0.658333 0.855078 0.656944 0.854688 0.656944 0.853906 0.655556 0.853516 0.655556 0.852734 0.654167 0.852344 0.654167 0.851953 0.653472 0.851562 0.653472 0.851172 0.652778 0.850391 0.652778 0.850000 0.652083 0.849219 0.652083 0.848828 0.651389 0.848047 0.651389 0.847656 0.650694 0.847266 0.650694 0.846875 0.650000 0.846094 0.650000 0.844922 0.647917 0.844141 0.647917 0.843750 0.647222 0.842969 0.647222 0.842578 0.646528 0.841797 0.646528 0.841406 0.645833 0.841016 0.645833 0.840625 0.645139 0.839844 0.645139 0.839453 0.644444 0.838672 0.644444 0.838281 0.643750 0.837891 0.643750 0.837500 0.643056 0.836719 0.643056 0.836328 0.642361 0.835547 0.642361 0.835156 0.641667 0.834766 0.642361 0.834375 0.642361 0.833984 0.641667 0.833203 0.641667 0.832812 0.640972 0.832422 0.640972 0.832031 0.640278 0.830078 0.640278 0.829688 0.639583 0.829297 0.640278 0.828906 0.640278
0 0.882617 0.752083 0.056641 0.059722 0.876172 0.722222 0.875781 0.722917 0.875391 0.722917 0.875000 0.723611 0.874609 0.722917 0.873828 0.724306 0.872656 0.724306 0.872266 0.725000 0.871484 0.725000 0.871094 0.725694 0.870703 0.725000 0.869922 0.726389 0.869141 0.726389 0.868750 0.727083 0.867578 0.727083 0.867188 0.727778 0.866406 0.727778 0.866016 0.728472 0.865234 0.728472 0.864453 0.729861 0.864062 0.729167 0.863672 0.729861 0.863281 0.729861 0.862891 0.730556 0.861328 0.730556 0.860547 0.731944 0.859766 0.731944 0.858203 0.734722 0.857812 0.734722 0.857812 0.735417 0.857422 0.736111 0.857031 0.736111 0.857031 0.737500 0.856641 0.738194 0.856250 0.738194 0.855078 0.740278 0.855078 0.740972 0.854688 0.741667 0.854688 0.742361 0.854297 0.743056 0.854297 0.745833 0.854688 0.745833 0.855078 0.746528 0.855078 0.747222 0.856641 0.750000 0.856641 0.750694 0.857031 0.750694 0.857422 0.751389 0.857422 0.752083 0.857812 0.752083 0.858594 0.753472 0.858594 0.754167 0.858984 0.754167 0.859375 0.754861 0.859375 0.755556 0.859766 0.755556 0.860156 0.756250 0.860156 0.756944 0.860547 0.757639 0.860938 0.757639 0.861328 0.758333 0.861328 0.759028 0.862891 0.761806 0.862891 0.762500 0.863281 0.762500 0.863672 0.763194 0.863672 0.763889 0.864062 0.763889 0.864453 0.764583 0.864453 0.765278 0.864844 0.765972 0.865234 0.765972 0.865625 0.766667 0.865625 0.767361 0.866016 0.767361 0.866406 0.768056 0.866406 0.768750 0.867969 0.771528 0.867969 0.772222 0.868750 0.772222 0.869922 0.774306 0.870703 0.774306 0.871094 0.775000 0.871094 0.775694 0.871875 0.775694 0.873047 0.777778 0.873828 0.777778 0.874219 0.778472 0.874219 0.779167 0.874609 0.779167 0.875000 0.779861 0.875781 0.779861 0.876172 0.780556 0.876563 0.780556 0.876953 0.781250 0.877734 0.781250 0.878125 0.781944 0.880859 0.781944 0.881641 0.780556 0.882031 0.781250 0.882422 0.781250 0.882812 0.780556 0.883203 0.781250 0.883984 0.779861 0.884375 0.780556 0.884766 0.779861 0.885156 0.779861 0.885547 0.779167 0.885938 0.779861 0.886328 0.779167 0.887500 0.779167 0.887891 0.778472 0.888281 0.779167 0.888672 0.778472 0.889844 0.778472 0.890234 0.777778 0.891406 0.777778 0.891797 0.777083 0.892188 0.777778 0.892578 0.777083 0.893359 0.777083 0.893750 0.776389 0.894141 0.776389 0.894531 0.777083 0.895312 0.775694 0.897266 0.775694 0.897656 0.775000 0.898828 0.775000 0.899609 0.773611 0.900391 0.773611 0.901172 0.772222 0.901953 0.772222 0.901953 0.771528 0.902344 0.770833 0.903125 0.770833 0.903125 0.770139 0.903516 0.769444 0.903906 0.769444 0.904297 0.768750 0.904687 0.768750 0.905859 0.766667 0.906250 0.766667 0.907031 0.765278 0.907422 0.765278 0.908203 0.763889 0.908984 0.763889 0.908984 0.763194 0.909375 0.762500 0.909766 0.762500 0.910156 0.761806 0.910156 0.761111 0.910547 0.760417 0.910937 0.760417 0.910937 0.759722 0.910547 0.759028 0.910547 0.758333 0.910156 0.757639 0.910156 0.756250 0.909766 0.756250 0.909375 0.755556 0.909375 0.754861 0.908984 0.754167 0.908984 0.753472 0.908594 0.752778 0.908594 0.752083 0.908203 0.751389 0.908203 0.750694 0.907813 0.750000 0.907813 0.749306 0.907031 0.747917 0.907031 0.747222 0.906641 0.746528 0.906641 0.745833 0.905469 0.743750 0.905469 0.743056 0.904297 0.740972 0.903906 0.740972 0.903516 0.740278 0.903516 0.739583 0.903125 0.739583 0.902734 0.738889 0.902734 0.738194 0.902344 0.738194 0.901563 0.736806 0.901172 0.736806 0.900781 0.736111 0.900391 0.736111 0.900000 0.735417 0.900000 0.734722 0.899219 0.734722 0.898828 0.734028 0.898828 0.733333 0.898438 0.733333 0.898047 0.732639 0.897266 0.732639 0.896875 0.731944 0.896484 0.731944 0.896094 0.731250 0.896094 0.730556 0.895312 0.730556 0.894922 0.729861 0.894141 0.729861 0.893750 0.729167 0.893359 0.729167 0.892969 0.728472 0.892188 0.728472 0.891797 0.727778 0.891016 0.727778 0.890625 0.727083 0.889844 0.727083 0.889453 0.726389 0.889062 0.726389 0.888672 0.725694 0.886719 0.725694 0.886328 0.725000 0.885547 0.725000 0.885156 0.724306 0.883203 0.724306 0.882812 0.723611 0.882422 0.723611 0.882031 0.722917 0.881641 0.722917 0.881250 0.723611 0.880859 0.722917 0.880078 0.722917 0.879687 0.722222 0.879297 0.722222 0.878906 0.722917 0.878516 0.722222 0.876953 0.722222 0.876563 0.722917
0 0.390820 0.489583 0.030078 0.104167 0.399609 0.437500 0.399219 0.438194 0.398828 0.438194 0.398828 0.438889 0.398438 0.439583 0.398047 0.439583 0.398047 0.440278 0.397266 0.441667 0.397266 0.442361 0.396875 0.443056 0.396484 0.443056 0.396484 0.444444 0.396094 0.445139 0.395703 0.445139 0.394922 0.446528 0.394922 0.447222 0.394531 0.447917 0.394141 0.447917 0.394141 0.448611 0.393359 0.450000 0.393359 0.450694 0.392969 0.451389 0.392578 0.451389 0.392578 0.452778 0.392188 0.453472 0.391797 0.453472 0.391797 0.454167 0.391406 0.454861 0.391016 0.454861 0.391016 0.456250 0.390625 0.456944 0.390234 0.456944 0.390234 0.457639 0.389844 0.458333 0.389453 0.458333 0.389453 0.459028 0.389062 0.459722 0.388672 0.459722 0.388672 0.461111 0.388281 0.461806 0.387891 0.461806 0.387891 0.462500 0.387500 0.463194 0.387109 0.463194 0.387109 0.464583 0.386719 0.465278 0.386328 0.465278 0.386328 0.465972 0.385937 0.466667 0.385547 0.466667 0.385547 0.468056 0.385156 0.468750 0.384766 0.468750 0.384766 0.469444 0.383984 0.470833 0.383984 0.471528 0.382812 0.473611 0.382812 0.475000 0.382422 0.475694 0.382031 0.475694 0.382031 0.476389 0.381641 0.477083 0.381641 0.478472 0.381250 0.479167 0.380859 0.479167 0.380859 0.479861 0.380469 0.480556 0.380469 0.481944 0.380078 0.482639 0.380078 0.484028 0.379688 0.484722 0.379688 0.485417 0.379297 0.486111 0.379297 0.487500 0.378906 0.488194 0.378906 0.491667 0.378516 0.492361 0.378516 0.493750 0.378125 0.494444 0.378125 0.495139 0.378516 0.495833 0.378125 0.496528 0.378125 0.497222 0.377734 0.497917 0.377734 0.499306 0.377344 0.500000 0.377344 0.500694 0.377734 0.501389 0.377344 0.502083 0.377344 0.503472 0.376953 0.504167 0.376953 0.507639 0.376563 0.508333 0.376563 0.509028 0.376172 0.509722 0.376563 0.510417 0.376563 0.511111 0.376172 0.511806 0.376172 0.513194 0.375781 0.513889 0.376172 0.514583 0.376172 0.515278 0.375781 0.515972 0.376172 0.516667 0.376172 0.517361 0.375781 0.518056 0.376172 0.518750 0.376172 0.519444 0.375781 0.520139 0.376172 0.520833 0.376172 0.521528 0.375781 0.522222 0.376172 0.522917 0.376172 0.523611 0.375781 0.524306 0.376172 0.525000 0.376172 0.525694 0.375781 0.526389 0.376172 0.527083 0.376172 0.527778 0.375781 0.528472 0.376172 0.529167 0.376172 0.529861 0.375781 0.530556 0.376172 0.531250 0.376172 0.531944 0.375781 0.532639 0.376172 0.533333 0.376172 0.534028 0.375781 0.534722 0.376172 0.535417 0.376172 0.537500 0.376953 0.538889 0.376953 0.539583 0.377344 0.539583 0.377734 0.540278 0.378516 0.540278 0.378906 0.540972 0.379297 0.540278 0.379688 0.540278 0.380078 0.540972 0.382031 0.540972 0.382422 0.541667 0.382812 0.540972 0.383203 0.540972 0.383594 0.541667 0.383984 0.541667 0.384375 0.540972 0.384766 0.541667 0.387109 0.541667 0.387500 0.540972 0.387891 0.540972 0.388281 0.540278 0.388672 0.540278 0.389844 0.538194 0.390625 0.538194 0.390625 0.537500 0.391406 0.536111 0.391797 0.536806 0.392578 0.535417 0.392969 0.535417 0.393750 0.534028 0.394531 0.534028 0.394531 0.533333 0.395313 0.531944 0.396094 0.531944 0.396094 0.531250 0.396484 0.530556 0.396875 0.530556 0.397266 0.529861 0.397656 0.529861 0.398828 0.527778 0.398828 0.526389 0.399219 0.525694 0.399609 0.526389 0.399609 0.525000 0.400391 0.523611 0.400391 0.522917 0.400781 0.522222 0.400781 0.521528 0.401172 0.520833 0.401562 0.520833 0.401562 0.519444 0.401953 0.518750 0.402344 0.518750 0.402344 0.518056 0.402734 0.517361 0.402734 0.515972 0.403125 0.515278 0.403516 0.515278 0.403516 0.514583 0.403906 0.513889 0.403906 0.513194 0.404687 0.511806 0.404687 0.511111 0.405078 0.510417 0.405469 0.510417 0.405469 0.509028 0.405859 0.508333 0.405469 0.507639 0.405469 0.506944 0.405859 0.506250 0.405469 0.505556 0.405469 0.504861 0.405859 0.504167 0.405469 0.503472 0.405469 0.502778 0.405859 0.502083 0.405469 0.501389 0.405469 0.500694 0.405859 0.500000 0.405469 0.499306 0.405469 0.498611 0.405859 0.497917 0.405469 0.497222 0.405469 0.496528 0.405859 0.495833 0.405469 0.495139 0.405469 0.494444 0.405859 0.493750 0.405469 0.493056 0.405469 0.492361 0.405859 0.491667 0.405859 0.490972 0.405469 0.490278 0.405859 0.489583 0.405469 0.488889 0.405469 0.488194 0.405859 0.487500 0.405469 0.486806 0.405469 0.486111 0.405859 0.485417 0.405859 0.484722 0.405469 0.484028 0.405859 0.483333 0.405859 0.482639 0.405469 0.481944 0.405859 0.481250 0.405469 0.480556 0.405469 0.479861 0.405859 0.479167 0.405859 0.478472 0.405469 0.477778 0.405859 0.477083 0.405859 0.476389 0.405469 0.475694 0.405859 0.475000 0.405469 0.474306 0.405469 0.473611 0.405859 0.472917 0.405859 0.472222 0.405469 0.471528 0.405859 0.470833 0.405859 0.470139 0.405469 0.469444 0.405859 0.468750 0.405469 0.468056 0.405469 0.467361 0.405078 0.466667 0.405469 0.465972 0.405078 0.465278 0.405078 0.463194 0.404687 0.462500 0.404687 0.459722 0.403906 0.458333 0.403906 0.457639 0.404297 0.456944 0.403516 0.455556 0.403516 0.452778 0.402734 0.451389 0.402734 0.449306 0.402344 0.448611 0.402344 0.447222 0.401953 0.446528 0.402344 0.445833 0.401562 0.444444 0.401562 0.443056 0.401172 0.442361 0.401172 0.440972 0.400781 0.440972 0.400391 0.440278 0.400391 0.439583 0.400000 0.438889 0.400000 0.438194
0 0.358203 0.529514 0.026562 0.071528 0.366016 0.493750 0.366016 0.494444 0.364453 0.497222 0.364063 0.497222 0.363281 0.498611 0.362891 0.498611 0.362891 0.499306 0.362500 0.500000 0.362109 0.500000 0.362109 0.500694 0.361328 0.502083 0.360938 0.502083 0.359375 0.504861 0.358984 0.504861 0.358984 0.505556 0.358594 0.506250 0.357812 0.506250 0.357812 0.506944 0.356250 0.509722 0.355859 0.509722 0.355859 0.510417 0.355469 0.511111 0.355078 0.511111 0.354297 0.512500 0.353906 0.512500 0.353906 0.513194 0.352344 0.515972 0.351953 0.515972 0.351953 0.516667 0.351562 0.517361 0.351172 0.517361 0.350781 0.518056 0.350781 0.518750 0.350391 0.519444 0.350000 0.519444 0.350000 0.520139 0.348828 0.522222 0.348828 0.523611 0.348438 0.524306 0.348438 0.525694 0.348047 0.526389 0.348047 0.527778 0.347656 0.528472 0.347266 0.528472 0.347266 0.529167 0.346875 0.529861 0.346875 0.531250 0.346484 0.531944 0.346484 0.532639 0.346094 0.533333 0.346094 0.534722 0.345703 0.535417 0.345703 0.536806 0.345313 0.537500 0.345313 0.538889 0.344922 0.539583 0.345313 0.540278 0.345313 0.544444 0.345703 0.545139 0.345313 0.545833 0.345703 0.546528 0.345703 0.547222 0.345313 0.547917 0.346094 0.549306 0.345703 0.550000 0.346094 0.550694 0.346094 0.551389 0.346484 0.552083 0.346094 0.552778 0.346484 0.553472 0.346484 0.555556 0.346875 0.556250 0.346875 0.559028 0.347656 0.560417 0.347656 0.561806 0.348047 0.561806 0.348438 0.562500 0.349219 0.562500 0.349609 0.563194 0.350391 0.563194 0.350781 0.563889 0.351172 0.563194 0.351562 0.563194 0.351953 0.563889 0.352344 0.563889 0.352734 0.564583 0.353516 0.564583 0.353906 0.565278 0.354297 0.564583 0.354687 0.564583 0.355078 0.565278 0.356641 0.565278 0.357031 0.564583 0.357812 0.564583 0.357812 0.563194 0.358203 0.562500 0.358594 0.562500 0.358594 0.561806 0.358984 0.561111 0.359375 0.561111 0.360156 0.559722 0.360156 0.559028 0.360938 0.557639 0.361328 0.557639 0.361328 0.556944 0.361719 0.556250 0.362109 0.556250 0.362109 0.554861 0.362500 0.554167 0.362891 0.554167 0.364453 0.551389 0.364453 0.550694 0.365234 0.549306 0.365625 0.549306 0.365625 0.548611 0.366016 0.547917 0.366406 0.547917 0.366406 0.547222 0.366797 0.546528 0.367188 0.546528 0.367188 0.545833 0.369922 0.540972 0.369922 0.540278 0.370312 0.539583 0.370703 0.539583 0.370703 0.538889 0.371094 0.538194 0.371094 0.534722 0.371484 0.534028 0.371094 0.533333 0.371094 0.529167 0.370703 0.528472 0.371094 0.527778 0.371094 0.527083 0.370703 0.526389 0.371094 0.525694 0.370703 0.525000 0.370703 0.524306 0.371094 0.523611 0.370703 0.522917 0.370703 0.522222 0.371094 0.521528 0.370703 0.520833 0.370703 0.518056 0.370312 0.517361 0.370703 0.516667 0.370312 0.515972 0.370312 0.515278 0.370703 0.514583 0.370703 0.513889 0.370312 0.513194 0.370703 0.512500 0.370312 0.511806 0.370312 0.508333 0.369922 0.507639 0.369922 0.506944 0.369531 0.506250 0.369922 0.505556 0.369922 0.504861 0.369531 0.504167 0.369531 0.502778 0.369141 0.502083 0.369531 0.501389 0.369531 0.500694 0.369141 0.500000 0.369141 0.498611 0.368750 0.497917 0.369141 0.497222 0.368750 0.497222 0.367188 0.494444 0.367188 0.493750 0.366797 0.493750 0.366406 0.494444
0 0.412891 0.535764 0.029687 0.107639 0.425391 0.481944 0.424609 0.483333 0.424219 0.483333 0.424219 0.484028 0.422656 0.486806 0.422266 0.486806 0.422266 0.487500 0.421875 0.488194 0.421484 0.488194 0.421484 0.489583 0.421094 0.490278 0.420703 0.489583 0.420703 0.490278 0.419141 0.493056 0.418750 0.493056 0.418750 0.493750 0.418359 0.494444 0.417969 0.494444 0.417969 0.495833 0.417578 0.496528 0.417187 0.496528 0.416016 0.498611 0.416016 0.499306 0.415625 0.500000 0.415234 0.499306 0.415234 0.500000 0.414453 0.501389 0.414453 0.502083 0.414062 0.502778 0.413672 0.502778 0.413281 0.503472 0.413281 0.504167 0.412891 0.504861 0.412500 0.504861 0.412500 0.505556 0.412109 0.506250 0.411719 0.506250 0.410547 0.508333 0.410547 0.509028 0.410156 0.509722 0.409766 0.509722 0.409766 0.510417 0.409375 0.511111 0.408984 0.511111 0.408984 0.511806 0.408594 0.512500 0.408203 0.512500 0.407813 0.513194 0.407813 0.513889 0.407422 0.514583 0.407031 0.514583 0.407031 0.515278 0.405859 0.517361 0.405469 0.517361 0.405469 0.518056 0.405078 0.518750 0.404687 0.518750 0.404297 0.519444 0.404297 0.520139 0.403906 0.520833 0.403516 0.520833 0.403516 0.521528 0.402344 0.523611 0.401953 0.523611 0.401953 0.524306 0.401172 0.525694 0.400781 0.525694 0.400781 0.526389 0.400391 0.527083 0.400000 0.527083 0.400000 0.528472 0.398828 0.530556 0.398828 0.531944 0.398438 0.532639 0.398047 0.532639 0.398047 0.534028 0.398828 0.534028 0.399219 0.534722 0.399219 0.535417 0.399609 0.535417 0.400000 0.536111 0.400000 0.537500 0.400781 0.538889 0.400391 0.539583 0.400781 0.540278 0.400781 0.540972 0.400391 0.541667 0.401172 0.543056 0.401172 0.546528 0.401562 0.547222 0.401562 0.550694 0.401953 0.551389 0.401953 0.554167 0.402344 0.554861 0.402344 0.558333 0.402734 0.559028 0.402734 0.562500 0.403125 0.563194 0.403125 0.565278 0.403516 0.565972 0.403125 0.566667 0.403516 0.567361 0.403516 0.569444 0.403906 0.570139 0.403516 0.570833 0.403906 0.571528 0.403906 0.572222 0.404297 0.572917 0.403906 0.573611 0.404297 0.574306 0.404297 0.576389 0.404687 0.577083 0.404297 0.577778 0.404297 0.578472 0.404687 0.579167 0.404297 0.579861 0.404297 0.580556 0.404687 0.581250 0.404297 0.581944 0.404297 0.583333 0.403906 0.584028 0.403906 0.584722 0.403516 0.585417 0.403516 0.586806 0.403125 0.587500 0.403125 0.589583 0.404297 0.589583 0.404687 0.588889 0.405078 0.588889 0.405469 0.588194 0.406250 0.588194 0.406641 0.587500 0.408203 0.587500 0.408984 0.586111 0.409766 0.586111 0.410156 0.585417 0.410938 0.585417 0.411328 0.584722 0.411719 0.584722 0.412109 0.584028 0.413672 0.584028 0.414453 0.582639 0.415625 0.582639 0.416016 0.581944 0.416797 0.581944 0.417578 0.580556 0.418359 0.580556 0.418750 0.579861 0.418750 0.579167 0.419141 0.578472 0.419141 0.577778 0.419531 0.577083 0.419531 0.575694 0.419922 0.575000 0.420312 0.575000 0.420312 0.574306 0.420703 0.573611 0.420703 0.572222 0.421094 0.571528 0.421094 0.570139 0.421484 0.569444 0.421484 0.568056 0.422656 0.565972 0.422656 0.564583 0.423047 0.563889 0.423047 0.562500 0.423438 0.561806 0.423438 0.561111 0.423828 0.560417 0.423828 0.559028 0.424219 0.558333 0.424609 0.558333 0.424609 0.557639 0.425000 0.556944 0.425000 0.555556 0.425391 0.554861 0.425391 0.553472 0.425781 0.552778 0.425781 0.551389 0.426172 0.550694 0.426563 0.550694 0.426563 0.550000 0.426953 0.549306 0.426953 0.547917 0.427344 0.547222 0.427344 0.546528 0.427734 0.545833 0.427734 0.545139 0.427344 0.544444 0.427734 0.543750 0.427734 0.543056 0.427344 0.542361 0.427734 0.541667 0.427734 0.540972 0.427344 0.540278 0.427734 0.539583 0.427734 0.538889 0.427344 0.538194 0.427344 0.537500 0.427734 0.536806 0.427344 0.536111 0.427344 0.535417 0.427734 0.534722 0.427344 0.534028 0.427344 0.533333 0.427734 0.532639 0.427344 0.531944 0.427344 0.531250 0.427734 0.530556 0.427344 0.529861 0.427344 0.529167 0.427734 0.528472 0.427344 0.527778 0.427344 0.527083 0.427734 0.526389 0.427344 0.525694 0.427344 0.525000 0.427734 0.524306 0.427344 0.523611 0.427344 0.522917 0.427734 0.522222 0.427344 0.521528 0.427344 0.520833 0.427734 0.520139 0.427344 0.519444 0.427344 0.513194 0.426953 0.512500 0.427344 0.511806 0.427344 0.509028 0.426953 0.508333 0.427344 0.507639 0.426953 0.506944 0.426953 0.506250 0.427344 0.505556 0.427344 0.504861 0.426953 0.504167 0.427344 0.503472 0.426953 0.502778 0.426953 0.502083 0.426563 0.501389 0.426953 0.500694 0.426953 0.500000 0.427344 0.499306 0.426953 0.498611 0.426953 0.497917 0.426563 0.497222 0.426953 0.496528 0.426563 0.495833 0.426563 0.495139 0.426953 0.494444 0.426953 0.493750 0.426563 0.493056 0.426953 0.492361 0.426563 0.491667 0.426563 0.488889 0.426953 0.488194 0.426563 0.487500 0.426563 0.485417 0.426172 0.484722 0.426563 0.484028 0.425781 0.482639 0.425781 0.481944
0 0.389453 0.582986 0.029687 0.097917 0.397266 0.534028 0.396875 0.534722 0.396484 0.534722 0.395313 0.536806 0.394922 0.536806 0.394922 0.537500 0.394141 0.538889 0.394141 0.539583 0.393750 0.540278 0.393359 0.540278 0.392188 0.542361 0.392188 0.543056 0.391016 0.545139 0.390625 0.545139 0.390625 0.546528 0.390234 0.547222 0.389844 0.547222 0.389844 0.547917 0.389453 0.548611 0.389062 0.548611 0.389062 0.549306 0.388672 0.550000 0.388281 0.550000 0.388281 0.551389 0.387891 0.552083 0.387500 0.552083 0.387500 0.552778 0.387109 0.553472 0.386719 0.553472 0.386719 0.554167 0.386328 0.554861 0.385937 0.554861 0.385937 0.556250 0.385547 0.556944 0.385156 0.556944 0.384375 0.558333 0.384375 0.559028 0.382422 0.562500 0.382422 0.563194 0.380078 0.567361 0.380078 0.568056 0.379688 0.568750 0.379688 0.569444 0.378906 0.570833 0.378906 0.571528 0.378516 0.572222 0.378516 0.573611 0.378125 0.574306 0.378125 0.575000 0.377734 0.575694 0.377734 0.577083 0.377344 0.577778 0.377734 0.578472 0.377734 0.579167 0.377344 0.579861 0.377344 0.581250 0.376953 0.581944 0.376953 0.583333 0.376563 0.584028 0.376563 0.586806 0.376172 0.587500 0.376172 0.588889 0.375781 0.589583 0.375781 0.590972 0.375391 0.591667 0.375391 0.592361 0.375000 0.593056 0.375391 0.593750 0.375391 0.594444 0.375000 0.595139 0.375000 0.596528 0.374609 0.597222 0.375000 0.597917 0.375000 0.600694 0.375391 0.601389 0.375391 0.604167 0.375781 0.604861 0.375781 0.606944 0.376172 0.607639 0.375781 0.608333 0.376563 0.609722 0.376563 0.610417 0.376172 0.611111 0.376953 0.612500 0.376953 0.613889 0.377734 0.615278 0.377734 0.616667 0.378516 0.618056 0.378516 0.618750 0.379297 0.620139 0.379297 0.621528 0.379688 0.622222 0.379688 0.622917 0.380078 0.623611 0.380078 0.624306 0.380469 0.624306 0.380859 0.625000 0.380859 0.626389 0.381641 0.627778 0.382031 0.627778 0.382422 0.628472 0.383203 0.628472 0.383594 0.629167 0.384375 0.629167 0.384766 0.629861 0.386719 0.629861 0.387109 0.630556 0.387500 0.630556 0.387891 0.631250 0.388672 0.631250 0.389062 0.631944 0.390625 0.631944 0.391016 0.631250 0.391797 0.631250 0.392188 0.630556 0.392188 0.629861 0.392578 0.629167 0.392969 0.629861 0.392969 0.628472 0.393359 0.627778 0.393359 0.626389 0.393750 0.625694 0.393750 0.625000 0.394141 0.624306 0.394141 0.622917 0.394922 0.621528 0.394922 0.620833 0.395313 0.620139 0.395313 0.619444 0.395703 0.618750 0.395703 0.617361 0.396094 0.616667 0.396094 0.615278 0.396484 0.614583 0.396484 0.613889 0.396875 0.613194 0.396875 0.611806 0.397266 0.611111 0.397266 0.609722 0.397656 0.609028 0.397656 0.607639 0.398047 0.606944 0.398438 0.607639 0.398438 0.606250 0.398828 0.605556 0.398828 0.604167 0.399219 0.603472 0.399219 0.602778 0.399609 0.602083 0.399609 0.600694 0.400000 0.600000 0.400000 0.598611 0.400391 0.597917 0.400391 0.596528 0.400781 0.595833 0.400781 0.595139 0.401172 0.594444 0.401172 0.593056 0.401562 0.592361 0.401953 0.592361 0.401953 0.591667 0.402344 0.590972 0.402344 0.589583 0.402734 0.588889 0.402734 0.587500 0.403125 0.586806 0.403125 0.585417 0.403516 0.584722 0.403516 0.584028 0.403906 0.583333 0.403906 0.581944 0.404297 0.581250 0.403906 0.580556 0.403906 0.579861 0.404297 0.579167 0.403906 0.578472 0.403906 0.577778 0.404297 0.577083 0.403906 0.576389 0.403906 0.574306 0.403516 0.573611 0.403906 0.572917 0.403516 0.572222 0.403516 0.571528 0.403125 0.570833 0.403516 0.570139 0.403125 0.569444 0.403125 0.567361 0.402734 0.566667 0.403125 0.565972 0.402734 0.565278 0.402734 0.563194 0.402344 0.562500 0.402344 0.559028 0.401953 0.558333 0.401953 0.554861 0.401562 0.554167 0.401562 0.551389 0.401172 0.550694 0.401172 0.547222 0.400781 0.546528 0.400781 0.543056 0.400000 0.541667 0.400391 0.540972 0.400391 0.540278 0.400000 0.539583 0.400391 0.538889 0.399609 0.537500 0.399609 0.536111 0.399219 0.536111 0.398828 0.535417 0.398828 0.534722 0.398047 0.534722 0.397656 0.534028
