0_1 0.520703 0.341319 0.042969 0.059028 0.499219 0.339583 0.499609 0.334028 0.500391 0.329861 0.501172 0.326389 0.501953 0.323611 0.502344 0.322917 0.507031 0.318750 0.515234 0.312500 0.516406 0.311806 0.519531 0.311806 0.540234 0.320833 0.541406 0.322917 0.541797 0.326389 0.542188 0.330556 0.542188 0.338194 0.541406 0.345833 0.541016 0.349306 0.540625 0.351389 0.539062 0.356944 0.536328 0.363194 0.532813 0.365278 0.515234 0.370833 0.512891 0.370833 0.511328 0.370139 0.502344 0.363889 0.501172 0.361806 0.499609 0.357639 0.499219 0.356250
0_2 0.522266 0.305556 0.034375 0.050000 0.506250 0.301389 0.507422 0.297222 0.511719 0.289583 0.517969 0.281250 0.519922 0.280556 0.521094 0.280556 0.521875 0.281250 0.533984 0.297222 0.535156 0.299306 0.535937 0.301389 0.536328 0.302778 0.539062 0.315972 0.539453 0.318056 0.539453 0.323611 0.537891 0.329167 0.537500 0.329861 0.536719 0.330556 0.533203 0.330556 0.505469 0.320833 0.505078 0.320139 0.505078 0.312500
0_3 0.562305 0.304167 0.064453 0.088889 0.530078 0.294444 0.530078 0.288194 0.530469 0.285417 0.530859 0.283333 0.531250 0.281944 0.533203 0.278472 0.539453 0.272917 0.553125 0.261111 0.555469 0.259722 0.557031 0.259722 0.588281 0.268056 0.590234 0.277778 0.591016 0.284028 0.594531 0.315278 0.594531 0.320833 0.591797 0.333333 0.591016 0.336111 0.588281 0.339583 0.587109 0.340972 0.580859 0.345139 0.576562 0.347917 0.544922 0.348611 0.544531 0.348611 0.544141 0.347917
0_4 0.574414 0.320486 0.073828 0.110417 0.537500 0.302778 0.541016 0.275000 0.541406 0.274306 0.548828 0.268056 0.552344 0.265972 0.555859 0.265278 0.591016 0.273611 0.610547 0.288194 0.610938 0.290278 0.611328 0.295139 0.611328 0.302083 0.610547 0.310417 0.606641 0.334028 0.606250 0.336111 0.604297 0.343056 0.599219 0.354167 0.598828 0.354861 0.583203 0.372222 0.580859 0.374306 0.579688 0.375000 0.577344 0.375694 0.575781 0.375694 0.549219 0.362500 0.547656 0.361111 0.543359 0.356250 0.542188 0.354167 0.541406 0.351389
0_5 0.632031 0.245833 0.023438 0.026389 0.620703 0.246528 0.622656 0.239583 0.623437 0.237500 0.634375 0.232639 0.635156 0.232639 0.636719 0.233333 0.640234 0.235417 0.641016 0.236111 0.641406 0.236806 0.643750 0.245139 0.641406 0.252083 0.640625 0.254167 0.639844 0.255556 0.637500 0.257639 0.636328 0.258333 0.633984 0.259028 0.626172 0.259028 0.624219 0.257639 0.621875 0.255556 0.620313 0.252778 0.620313 0.250000
0_6 0.665039 0.243750 0.023828 0.030556 0.655078 0.239583 0.655859 0.238194 0.660156 0.231250 0.661328 0.229861 0.662109 0.229167 0.663281 0.228472 0.667969 0.228472 0.670312 0.229861 0.672656 0.231944 0.673438 0.233333 0.676953 0.245139 0.676953 0.249306 0.676172 0.250694 0.675000 0.252083 0.658984 0.259028 0.653125 0.259028
0_7 0.651172 0.252083 0.022656 0.022222 0.640625 0.252778 0.642578 0.249306 0.650781 0.240972 0.655859 0.240972 0.657422 0.241667 0.660937 0.247222 0.661719 0.249306 0.662500 0.252083 0.662109 0.254167 0.661328 0.256250 0.659766 0.259028 0.658594 0.259722 0.656641 0.260417 0.643750 0.263194 0.641797 0.263194 0.640234 0.260417 0.639844 0.259028 0.640234 0.254167
0_8 0.645117 0.241667 0.012891 0.022222 0.639062 0.238194 0.639453 0.236111 0.639844 0.234722 0.641406 0.231944 0.642188 0.231250 0.643750 0.230556 0.646484 0.230556 0.651172 0.237500 0.651563 0.238194 0.651563 0.240278 0.648828 0.245833 0.647656 0.247917 0.646094 0.249306 0.639062 0.252778 0.638672 0.252083
0_9 0.466797 0.197569 0.007031 0.013194 0.463281 0.197222 0.463672 0.195833 0.464453 0.193750 0.466016 0.190972 0.467187 0.190972 0.467969 0.191667 0.469141 0.193750 0.470313 0.197917 0.470313 0.200000 0.469922 0.202083 0.469141 0.203472 0.467969 0.204167 0.464062 0.204167 0.463281 0.203472
0_10 0.457031 0.200694 0.011719 0.018056 0.451172 0.200000 0.451172 0.195833 0.451562 0.193750 0.452344 0.192361 0.453125 0.191667 0.455469 0.191667 0.460156 0.195833 0.461719 0.198611 0.462500 0.201389 0.462891 0.203472 0.462500 0.205556 0.461328 0.207639 0.460547 0.208333 0.458984 0.209028 0.455469 0.209722 0.454297 0.209722 0.453125 0.209028 0.451953 0.206944 0.451562 0.205556
